0_09c1414f1b_0 19.512685537338257 0.5511104507105691 0.5786948076316288
1_09c1414f1b_1 18.559431348528182 0.5206663480826786 0.5393479083265577
2_09c1414f1b_3 21.777578932898386 0.5990196423871177 0.5026434298072543
3_09c1414f1b_4 15.490977593830653 0.35466925161225454 0.6313602668898446
4_09c1414f1b_5 19.568084137780325 0.576178035565785 0.5906382926872799
5_1d003b07bd 19.104690040860856 0.6301153685365405 0.43746738348688397
6_25f3b7a318_0 19.466044902801514 0.6298136455672128 0.48475077535424915
7_25f3b7a318_1 16.768176470484054 0.5567136577197483 0.5690672099590302
8_355e5e32db 17.87713016782488 0.5268629214593342 0.4911167749336788
9_49a82360aa 21.390585899353027 0.6724512704781124 0.48033874162605833
10_54b6127146_0 26.183872393199376 0.7806588624204908 0.32741323326315197
11_54b6127146_1 23.396302717072622 0.6491341590881348 0.4001383142811911
12_54b6127146_2 24.820161376680648 0.6850333171231406 0.38513228722981047
13_54b6127146_3 22.72399374416896 0.6842925846576691 0.4739168477909906
14_54b6127146_5 25.59217129434858 0.698210882289069 0.42412162678582327
15_54b6127146_6 21.53396197727748 0.6456699839660099 0.531910994223186
16_54b6127146_7 22.957732677459717 0.6242629502500806 0.49295882880687714
17_5f99900f09 19.691251431192672 0.6173888615199498 0.49594444249357494
18_6b40d1a939 24.890828473227366 0.7681119782584054 0.37739680281707216
19_6ee2fc1070_0 19.17675452572959 0.553291210106441 0.5123086060796466
20_6ee2fc1070_2 21.967562777655466 0.6945110942636218 0.3664317897387913
21_6ee2fc1070_3 19.1889112336295 0.6061395449297768 0.4765062247003828
22_7cd2ac43b4_0 15.874495421137128 0.4552317815167563 0.5606319393430438
23_7cd2ac43b4_1 15.135311228888375 0.35092949654374805 0.7295547298022679
24_7cd2ac43b4_2 14.6981680393219 0.3531720404114042 0.7094854840210506
25_7f4d173c9c_0 19.56191888877324 0.6216564093317304 0.45106889946120127
26_7f4d173c9c_1 19.58229422569275 0.530385570866721 0.5203278660774231
27_7f4d173c9c_2 20.371196440288 0.5822990451540265 0.5582405711923327
28_7f4d173c9c_3 18.68328537259783 0.43840821513107847 0.6135288178920746
29_7f4d173c9c_5 13.452861138752528 0.2108973285981587 0.6582394370010921
30_7f4d173c9c_6 20.404434204101562 0.673610657453537 0.4715997576713562
31_8f82c394d6_0 21.906442982809885 0.7547120749950409 0.4177188553980419
32_8f82c394d6_1 20.210886001586914 0.6939619183540344 0.415255531668663
33_95d525fbfd_0 21.606967449188232 0.6299547553062439 0.4445916350398745
34_95d525fbfd_1 22.620458943503245 0.6358517536095211 0.5380639689309257
35_95d525fbfd_2 20.46738420213972 0.5747909843921661 0.5983239880629948
