x y z u v depth
-1.677962 -0.868633 0.431624 -64.692702 117.973055 -0.598133
-1.674793 -0.873503 0.455626 -63.923501 119.293233 -0.595255
-1.665175 -0.876378 0.469403 -63.105667 119.669310 -0.593512
-1.081721 -0.904703 0.750021 -20.275730 104.602176 -0.587545
-1.054405 -0.906931 0.750403 -19.174956 103.377901 -0.585314
-1.027683 -0.908957 0.750973 -18.056678 102.169461 -0.583302
-1.006659 -0.909272 0.756923 -16.652745 101.377537 -0.583446
-1.018184 -0.905717 0.799758 -14.099892 103.659620 -0.590541
-0.924596 -0.914196 0.807308 -9.947970 99.777587 -0.582571
-0.931340 -0.911344 0.849987 -7.322204 101.879119 -0.588945
-0.904709 -0.913347 0.845289 -6.494245 100.436182 -0.586520
-0.867539 -0.915667 0.862678 -3.809425 99.472486 -0.585586
-0.841623 -0.918090 0.862844 -2.747973 98.299062 -0.583145
-0.839796 -0.916931 0.894905 -0.585482 99.602983 -0.586943
-0.826123 -0.917106 0.911505 1.086909 99.670769 -0.588117
-0.791248 -0.919501 0.897444 1.766985 97.385213 -0.584517
-0.774059 -0.921059 0.906629 3.038153 97.018473 -0.583696
-0.765157 -0.919894 0.929991 5.002845 97.566978 -0.586771
-0.731817 -0.919421 0.919976 6.143622 95.364784 -0.586365
-0.723051 -0.915647 0.945517 8.438729 95.874906 -0.592220
-0.691438 -0.918026 0.933088 9.091435 93.823770 -0.588775
-0.689332 -0.917178 0.965839 11.185270 95.179064 -0.592319
-0.654739 -0.921140 0.941686 11.184219 92.509537 -0.586325
-0.638439 -0.921843 0.950900 12.492556 92.139577 -0.586360
-0.021478 -0.920254 1.318890 62.826354 78.299428 -0.617362
0.045122 -0.922654 1.367057 68.391484 77.343168 -0.618843
0.058798 -0.919208 1.393700 70.275229 77.817724 -0.624454
0.074212 -0.920600 1.410927 71.846893 77.898924 -0.624465
0.103376 -0.924719 1.378891 71.799217 75.101363 -0.617672
0.118066 -0.924916 1.405442 73.771285 75.626076 -0.619644
0.137486 -0.924683 1.408045 74.824879 74.797283 -0.620061
0.152604 -0.922258 1.430095 76.527299 75.034634 -0.624274
0.170409 -0.922366 1.432024 77.471441 74.266112 -0.624298
0.185183 -0.919894 1.447083 78.806121 74.199500 -0.627982
0.204070 -0.921641 1.442964 79.565708 73.134713 -0.625872
0.210902 -0.916661 1.509790 82.768913 75.764478 -0.636338
0.225738 -0.912531 1.541983 84.750169 76.417850 -0.643088
0.238593 -0.907722 1.570610 86.418413 76.976082 -0.650222
0.342273 -0.905533 1.618857 93.131949 74.269209 -0.656226
0.438383 -0.898152 1.632756 97.684101 70.371282 -0.664582
0.465215 -0.894982 1.638111 98.932746 69.352245 -0.668142
0.506473 -0.894988 1.576966 98.286496 64.773249 -0.663028
0.557157 -0.884137 1.522962 97.759214 60.040839 -0.669309
0.566537 -0.844554 1.739140 104.297264 68.676284 -0.726579
0.574937 -0.819012 1.612232 98.591447 63.063461 -0.741550
-1.373581 -0.851552 0.195469 -62.061933 90.937203 -0.595207
-1.339775 -0.852954 0.193683 -60.785723 89.207936 -0.593611
-1.315300 -0.853646 0.193616 -59.708239 87.993210 -0.592878
-1.278640 -0.856542 0.185522 -59.010132 85.867061 -0.589268
-1.300615 -0.852924 0.224220 -56.763364 88.644295 -0.596100
-1.276783 -0.853379 0.226622 -55.505448 87.571430 -0.595808
-1.271655 -0.851997 0.243424 -53.861093 88.033566 -0.598564
-1.234434 -0.854752 0.255228 -51.754343 86.825355 -0.596736
-1.197063 -0.857693 0.246035 -51.058616 84.619589 -0.592989
-1.224792 -0.853077 0.292595 -48.502761 88.002784 -0.601473
-1.214687 -0.853040 0.305978 -47.124401 88.112450 -0.602599
-1.166386 -0.857015 0.307001 -45.381846 85.904902 -0.598648
-1.115707 -0.861079 0.285875 -44.968122 82.499709 -0.592777
-1.103562 -0.860187 0.299202 -43.327517 82.485086 -0.594747
-1.101544 -0.857889 0.319519 -41.505378 83.260733 -0.598711
-1.026657 -0.858204 0.341649 -36.424677 80.549231 -0.600108
-0.987079 -0.860613 0.328896 -35.668844 78.019588 -0.596595
-0.988119 -0.858922 0.353262 -33.893026 79.185737 -0.600292
-0.992361 -0.857695 0.379299 -32.263068 80.590546 -0.603669
-0.958135 -0.863555 0.443163 -27.460197 82.069701 -0.603046
-0.871086 -0.867365 0.453699 -23.052557 78.322997 -0.599985
-0.868469 -0.866733 0.478242 -21.317940 79.337684 -0.602636
-0.833645 -0.871448 0.464840 -21.069607 77.079620 -0.596778
-0.815873 -0.873042 0.473707 -19.851621 76.648552 -0.595894
-0.784432 -0.876575 0.465348 -19.279203 74.731071 -0.591636
-0.772738 -0.876403 0.478547 -17.847190 74.774955 -0.592878
-0.788202 -0.872900 0.523273 -15.406738 77.625267 -0.600083
-0.767982 -0.874029 0.523537 -14.531578 76.650418 -0.598949
-0.749794 -0.874726 0.528199 -13.431935 75.975465 -0.598611
-0.744471 -0.874666 0.550753 -11.791644 76.786738 -0.600523
-0.703949 -0.877272 0.530004 -11.354340 73.805555 -0.596153
-0.719171 -0.873301 0.579288 -8.666007 76.844694 -0.604199
-0.663711 -0.879978 0.534001 -9.426053 72.012688 -0.593724
-0.675057 -0.877660 0.577262 -7.108735 74.640964 -0.599621
-0.657195 -0.877916 0.584681 -5.808089 74.105780 -0.599950
-0.620163 -0.881828 0.566048 -5.520092 71.403958 -0.594458
-0.626168 -0.880141 0.604015 -3.361500 73.523991 -0.599281
-0.631429 -0.876978 0.643669 -0.949620 75.619001 -0.605713
-0.605935 -0.879354 0.638676 -0.230496 74.161143 -0.602894
-0.590508 -0.880062 0.647982 1.004346 73.850584 -0.602933
-0.561422 -0.881648 0.639203 1.770397 71.999881 -0.600583
-0.537911 -0.881921 0.638388 2.860999 70.783861 -0.600208
-0.516421 -0.882616 0.639319 3.914257 69.758935 -0.599559
-0.510089 -0.881414 0.663112 5.724207 70.581038 -0.602711
-0.498254 -0.880760 0.675208 7.065304 70.565060 -0.604342
-0.478389 -0.881647 0.672858 7.830109 69.471438 -0.603234
-0.476899 -0.879350 0.702671 9.807088 70.803808 -0.607981
-0.449223 -0.881498 0.687916 10.143501 68.744021 -0.604580
-0.388796 -0.879039 0.761053 17.401434 69.243752 -0.612973
-0.363098 -0.881788 0.751388 17.920795 67.541884 -0.609397
-0.342831 -0.883762 0.751293 18.767826 66.550414 -0.607391
0.069885 -0.881475 1.010792 52.330823 58.940735 -0.630449
0.088437 -0.882244 1.009217 53.121080 57.972868 -0.629525
0.108304 -0.883739 1.003187 53.747987 56.718479 -0.627507
0.112894 -0.881221 1.048029 56.182620 58.665938 -0.633709
0.133592 -0.883819 1.041788 56.835965 57.365087 -0.630573
0.152758 -0.884739 1.044666 57.877139 56.579175 -0.629865
0.169708 -0.884659 1.053018 59.084610 56.170616 -0.630608
0.183219 -0.885525 1.075567 60.807676 56.602683 -0.631584
0.202624 -0.888356 1.068557 61.387784 55.309685 -0.628155
0.217220 -0.887974 1.089692 63.094657 55.635879 -0.630257
0.231685 -0.886656 1.100130 64.271690 55.459982 -0.632410
0.241035 -0.884615 1.132541 66.229664 56.585226 -0.637104
0.259142 -0.884943 1.126908 66.817009 55.455113 -0.636284
0.265578 -0.879721 1.175244 69.306614 57.482904 -0.645467
0.276616 -0.876073 1.203789 71.067655 58.320737 -0.651440
0.284165 -0.872736 1.253705 73.595658 60.279786 -0.658873
0.305953 -0.871778 1.249274 74.368196 59.082602 -0.659429
0.316746 -0.867615 1.280288 76.132460 60.012322 -0.666120
0.325239 -0.862316 1.314812 77.882933 61.183583 -0.674236
0.334525 -0.860297 1.333999 79.062436 61.619623 -0.677817
0.366772 -0.863570 1.344566 81.024348 60.648068 -0.675378
0.392423 -0.867468 1.308504 80.737492 57.865888 -0.668479
0.414208 -0.869436 1.286793 80.836154 55.878076 -0.664693
0.427003 -0.866723 1.314292 82.506888 56.572952 -0.669646
0.448296 -0.867132 1.287111 82.310300 54.369306 -0.666963
0.461760 -0.864806 1.309216 83.778735 54.794193 -0.671084
0.482903 -0.865159 1.290206 83.926603 52.970364 -0.669132
0.512222 -0.869913 1.217794 82.291762 48.193396 -0.658375
0.536372 -0.864257 1.252689 84.692949 48.836927 -0.666854
0.585670 -0.867393 1.158940 82.995159 42.077467 -0.655918
0.642894 -0.859756 1.111810 83.303181 37.426308 -0.659553
0.641206 -0.816553 1.437314 94.657305 53.166601 -0.729468
0.625364 -0.799284 1.410477 92.262988 52.896771 -0.744488
-1.153831 -0.827341 0.040606 -56.730531 71.813312 -0.606222
0.568094 -0.837756 0.988906 74.051727 35.731603 -0.671452
0.624691 -0.849295 0.845150 70.395061 25.520038 -0.648005
0.677532 -0.841185 0.861578 73.424726 24.355019 -0.657362
0.672524 -0.795439 1.240030 87.583090 43.884721 -0.734185
0.640847 -0.777091 1.328011 88.967301 49.203791 -0.759777
0.613884 -0.824292 0.845712 69.612681 27.364482 -0.672986
0.671212 -0.821779 0.828945 71.385706 24.105380 -0.674019
0.676981 -0.782222 1.142944 83.606253 39.892509 -0.739339
0.644925 -0.762558 1.270802 86.527269 46.972945 -0.769534
0.603544 -0.800214 0.883275 70.483828 30.738331 -0.700097
0.662292 -0.803099 0.828879 70.733941 25.496141 -0.692644
0.668253 -0.762520 1.147332 82.856870 40.981338 -0.759350
0.639874 -0.742370 1.291554 86.441272 48.351348 -0.791373
0.664092 -0.791699 0.779942 68.598153 23.700936 -0.699965
0.667047 -0.749012 1.120099 81.430093 40.268476 -0.770567
0.643859 -0.731023 1.244274 84.567655 46.549664 -0.798775
0.660216 -0.776271 0.787380 68.593571 25.019513 -0.715960
0.664664 -0.734653 1.111682 80.669171 40.407125 -0.784186
0.644129 -0.716524 1.232364 83.752032 46.348040 -0.812241
0.656665 -0.758764 0.812127 69.281342 27.139533 -0.735454
0.663499 -0.721065 1.098408 79.822316 40.281516 -0.796634
0.643707 -0.701131 1.230194 83.250527 46.562220 -0.827403
0.654794 -0.740537 0.824570 69.509798 28.581703 -0.754648
0.663417 -0.702814 1.099110 79.436192 40.785092 -0.814881
0.646316 -0.683788 1.224796 82.716439 46.574992 -0.844238
0.655134 -0.723656 0.834250 69.720716 29.694573 -0.772270
0.663583 -0.684005 1.110388 79.429500 41.671802 -0.834556
0.664492 -0.714020 0.790449 68.313049 27.890108 -0.778245
0.672480 -0.670297 1.081874 78.484142 40.609310 -0.845851
0.658940 -0.653205 1.184787 81.099136 45.227328 -0.871396
0.671570 -0.702670 0.765393 67.538769 27.059796 -0.787478
0.683381 -0.662417 1.022948 76.706533 38.215738 -0.848826
0.667662 -0.642245 1.144257 79.831107 43.686747 -0.878962
0.672583 -0.686860 0.776879 67.884318 28.164514 -0.804180
0.686808 -0.647609 1.018481 76.415776 38.328655 -0.863209
0.670943 -0.625083 1.149206 79.750415 44.089194 -0.896468
0.677663 -0.677426 0.746682 66.890259 27.143989 -0.811083
0.688253 -0.629691 1.030453 76.557948 39.180368 -0.882052
0.673638 -0.609298 1.145594 79.410730 44.175680 -0.911897
0.679809 -0.661561 0.749988 66.984826 27.852975 -0.827163
0.691608 -0.614392 1.023737 76.197040 39.208454 -0.896739
0.676076 -0.591916 1.152163 79.359724 44.640649 -0.929758
0.681816 -0.645909 0.764247 67.459233 28.955612 -0.843935
0.698509 -0.604954 0.993634 75.304459 38.150642 -0.903651
0.681996 -0.579998 1.131942 78.703166 43.989047 -0.939958
0.687069 -0.637358 0.734731 66.550212 27.961724 -0.850014
0.702843 -0.593385 0.974104 74.649635 37.620347 -0.913563
0.688736 -0.567588 1.110366 78.036743 43.289907 -0.950536
0.698699 -0.642362 0.630234 63.264497 23.253996 -0.836388
0.713625 -0.592110 0.891608 72.333767 34.394982 -0.908010
0.698464 -0.561717 1.044663 76.243263 40.919806 -0.950951
0.699635 -0.624263 0.642320 63.686674 24.494737 -0.855421
0.714155 -0.567541 0.933384 73.380013 36.523149 -0.935941
0.701935 -0.546180 1.041494 76.019737 41.037038 -0.966168
0.705084 -0.623136 0.585475 61.866424 22.147802 -0.851845
0.720167 -0.569172 0.856782 71.175898 33.641357 -0.927987
0.706879 -0.542657 0.986234 74.455123 39.145172 -0.965112
0.716960 -0.636774 0.473335 58.207673 16.579144 -0.828983
0.727837 -0.572656 0.790411 69.332597 30.955071 -0.919027
0.715869 -0.539630 0.934164 73.115356 37.215663 -0.963819
0.724153 -0.637879 0.431734 56.922105 14.557042 -0.824439
0.731918 -0.556016 0.809518 69.928958 32.025647 -0.937180
0.717510 -0.506532 1.019106 75.264965 40.667568 -1.003810
0.725833 -0.606802 0.517010 60.177352 19.527569 -0.862443
0.733455 -0.510312 0.933098 73.272407 37.360384 -0.992922
0.720251 -0.567773 0.619496 63.475681 25.270570 -0.909803
0.728203 -0.470720 1.031164 75.439097 41.438145 -1.040478
0.716789 -0.549493 0.638870 63.954332 26.779254 -0.929625
0.720279 -0.439787 1.104983 76.817587 44.399237 -1.077408
0.714267 -0.413144 1.148854 77.438581 46.214878 -1.107589
0.714534 -0.384252 1.197016 78.267509 47.911479 -1.140356
0.714220 -0.470572 0.785900 68.027040 34.258438 -1.020411
0.720960 -0.364084 1.210042 78.467472 48.327722 -1.161520
0.719158 -0.460726 0.773106 67.738825 33.972772 -1.029161
0.725462 -0.343764 1.226764 78.699669 48.876651 -1.183143
0.717295 -0.437002 0.817153 68.788507 35.985138 -1.056441
0.727765 -0.323791 1.241473 78.825768 49.405806 -1.204258
0.730260 -0.310664 1.224277 78.293202 49.036120 -1.215918
0.727550 -0.288484 1.240258 78.301766 49.723585 -1.239345
0.774560 -0.122014 1.212490 76.749611 49.490471 -1.402884
0.783564 -0.124864 1.159844 75.878651 48.104198 -1.395687
0.782294 -0.090339 1.204836 76.421134 49.426474 -1.433808
0.794150 -0.055743 1.209781 76.410884 49.569973 -1.468676
0.777133 -0.098670 0.988536 71.936272 44.710967 -1.407667
0.813708 -0.022790 1.188170 76.056367 48.991343 -1.499704
0.803371 -0.019520 1.221647 76.466359 49.914464 -1.505740
0.793200 -0.099855 0.932361 71.108518 43.095041 -1.401827
0.827200 -0.041895 1.086003 74.499968 46.403063 -1.472214
0.812590 -0.046741 1.095410 74.432500 46.853820 -1.468183
0.795810 -0.086440 0.931859 71.062809 43.201890 -1.415151
0.830415 -0.034622 1.066344 74.112927 45.996355 -1.477835
0.817777 -0.053131 1.035337 73.390703 45.397566 -1.456850
0.802240 -0.092827 0.856616 69.660974 41.292781 -1.402568
0.834724 -0.043468 0.985096 72.652291 44.078891 -1.462309
0.822811 -0.060668 0.963603 72.100569 43.654093 -1.443413
0.818143 -0.135865 0.697089 66.764773 36.547065 -1.346490
0.847888 -0.076510 0.847400 70.336708 40.346505 -1.417999
0.832401 -0.079134 0.860564 70.301074 40.932284 -1.416494
0.827747 -0.138170 0.647626 65.886189 35.106376 -1.340098
0.857776 -0.079433 0.791877 69.401062 38.843451 -1.410490
0.841050 -0.072910 0.827666 69.760079 40.104885 -1.419969
0.780161 -0.082771 0.751762 66.922638 39.550618 -1.403972
0.836498 -0.151073 0.581401 64.627203 33.040038 -1.321761
0.865365 -0.078138 0.755499 68.789723 37.879814 -1.408767
0.847542 -0.064820 0.805322 69.385901 39.591361 -1.426178
0.840554 -0.174218 0.494974 62.767192 30.275916 -1.291558
0.870085 -0.098945 0.668544 67.131824 35.413395 -1.380850
0.851463 -0.066348 0.761182 68.556432 38.498092 -1.421007
0.847153 -0.206869 0.386235 60.331875 26.474654 -1.250037
0.878067 -0.131345 0.557096 64.963703 31.933632 -1.339353
0.857846 -0.074227 0.699638 67.432974 36.840984 -1.408068
0.853434 -0.198669 0.377263 60.272134 26.316873 -1.257459
0.884732 -0.102537 0.592381 65.809175 33.239131 -1.370964
0.864718 -0.044232 0.732578 68.134331 37.939475 -1.440668
0.803163 -0.154626 0.456464 61.007401 30.648049 -1.307963
0.856271 -0.208001 0.336655 59.339632 24.913538 -1.244804
0.885098 -0.077343 0.627312 66.487614 34.544182 -1.398953
0.866727 -0.016772 0.768569 68.779957 39.116556 -1.471000
0.855899 -0.224356 0.273907 57.739022 22.744456 -1.223328
0.882058 -0.075578 0.597485 65.779428 33.957445 -1.398256
0.867052 -0.011578 0.742271 68.231691 38.621153 -1.474006
0.858426 -0.187433 0.307063 58.712765 24.682989 -1.262857
0.884693 -0.041497 0.615876 66.117887 34.967305 -1.433734
0.870048 0.019518 0.756158 68.427593 39.325008 -1.506138
0.820763 -0.163600 0.323852 58.290123 26.675465 -1.288052
0.865835 -0.100845 0.444464 62.136106 30.184063 -1.360475
0.895239 0.020378 0.693891 67.692858 37.513368 -1.501819
0.876749 0.071013 0.818292 69.510865 41.186859 -1.562573
0.867154 -0.062145 0.502798 63.403882 32.367392 -1.403854
0.900743 0.008672 0.644713 66.866658 36.156721 -1.486087
0.882620 0.086238 0.820103 69.579378 41.305940 -1.577887
0.864394 -0.088695 0.419194 61.542241 29.892498 -1.370501
0.898677 -0.011505 0.576196 65.497893 34.347420 -1.460329
0.884651 0.094798 0.805653 69.304503 41.087631 -1.585222
0.865530 -0.075829 0.407993 61.321530 29.896872 -1.382397
0.899999 0.015899 0.590980 65.749307 35.137982 -1.488857
0.887796 0.105883 0.784067 68.908489 40.741104 -1.594484
0.873711 -0.042387 0.437928 62.138403 31.152035 -1.418182
0.907627 0.036898 0.592583 65.873657 35.384590 -1.509905
0.894310 0.119174 0.769897 68.707209 40.510377 -1.606550
0.878780 -0.030902 0.429498 62.061243 31.096324 -1.428925
0.913390 0.052061 0.592550 65.942956 35.528327 -1.525005
0.899823 0.151723 0.801369 69.235063 41.430749 -1.641576
0.876916 -0.053851 0.358325 60.493258 28.990333 -1.400185
0.911938 0.041373 0.543607 64.975997 34.334346 -1.510317
0.901258 0.145582 0.754805 68.444318 40.426992 -1.631612
0.875095 -0.065031 0.306233 59.303447 27.541077 -1.384748
0.910238 0.069995 0.563675 65.270256 35.289729 -1.540500
0.901175 0.145608 0.715459 67.724974 39.663197 -1.628392
0.877717 -0.030811 0.341114 60.159581 29.103038 -1.421725
0.912243 0.101932 0.589693 65.728199 36.311400 -1.574472
0.902743 0.152319 0.692126 67.303116 39.269917 -1.633153
0.883792 -0.028915 0.316871 59.770756 28.460601 -1.421605
0.919305 0.111396 0.575900 65.575675 36.047489 -1.582755
0.909538 0.168435 0.688101 67.297347 39.284214 -1.648871
0.891384 -0.040147 0.268143 58.863749 26.902475 -1.406379
0.929137 0.112850 0.543537 65.144890 35.227131 -1.581518
0.918543 0.196394 0.702831 67.623679 39.769737 -1.677936
0.898755 -0.011465 0.286455 59.459025 27.853675 -1.436463
0.939740 0.126011 0.529102 65.042362 34.951251 -1.593427
0.927502 0.212231 0.693807 67.566334 39.643114 -1.692961
0.906858 -0.022752 0.239287 58.602271 26.329171 -1.421311
0.948373 0.112292 0.472105 64.151250 33.392261 -1.575039
0.934531 0.222626 0.675503 67.332745 39.309773 -1.701800
0.864317 0.038216 0.321279 59.550326 30.436482 -1.488900
0.919211 -0.021394 0.212836 58.296343 25.488056 -1.420463
0.961024 0.113709 0.443137 63.835650 32.580747 -1.574042
0.945167 0.246617 0.682704 67.560850 39.563328 -1.726287
0.875223 0.043630 0.300852 59.359044 29.882943 -1.492594
0.936193 0.001637 0.219733 58.844849 25.861950 -1.443958
0.980935 0.146098 0.460310 64.480732 33.132191 -1.607707
0.960966 0.287349 0.712120 68.184545 40.324531 -1.769283
0.883844 0.037680 0.264312 58.773677 28.779170 -1.483636
0.950958 0.014161 0.209690 58.960318 25.633842 -1.455588
0.999836 0.168475 0.458359 64.750822 33.131035 -1.629818
0.975261 0.309512 0.707030 68.256517 40.254291 -1.790928
0.884966 0.029909 0.230634 58.084501 27.837796 -1.473111
0.955756 0.008149 0.177623 58.372926 24.655842 -1.446944
1.008346 0.162914 0.420396 64.215744 32.119331 -1.621131
0.982491 0.316195 0.683644 67.964792 39.798524 -1.795648
0.885652 0.029090 0.206554 57.596031 27.269029 -1.470307
0.958679 0.003089 0.149308 57.821805 23.816580 -1.439560
1.013809 0.163655 0.391940 63.787173 31.461957 -1.619513
0.987293 0.312913 0.642179 67.367263 38.942109 -1.788949
0.894303 0.116873 0.308340 59.970208 31.143174 -1.566176
0.970411 0.047957 0.183391 58.870142 25.468365 -1.487069
1.026344 0.209986 0.428244 64.604037 32.771162 -1.668662
0.996859 0.332592 0.635586 67.353455 38.910787 -1.808002
0.907771 0.191484 0.388526 61.765523 33.845656 -1.647128
0.988313 0.100672 0.224576 60.121471 27.222634 -1.542975
1.045665 0.267081 0.473152 65.616619 34.217639 -1.729238
1.009662 0.372780 0.656457 67.770553 39.549390 -1.849755
0.916823 0.208516 0.391710 61.983506 34.024840 -1.664350
1.001194 0.144101 0.264467 61.164828 28.733153 -1.589528
1.060741 0.305872 0.493446 66.125387 34.925162 -1.769548
1.018677 0.379634 0.626854 67.417651 38.976232 -1.854130
0.926338 0.158182 0.290986 60.277431 30.967399 -1.605863
1.011370 0.099479 0.171642 59.521567 25.614250 -1.537384
1.071691 0.296153 0.446103 65.530779 33.723648 -1.755939
1.023706 0.375749 0.586340 66.857808 38.149053 -1.846908
0.939077 0.163158 0.271253 60.145088 30.424045 -1.609175
1.024684 0.111808 0.163587 59.635851 25.467810 -1.548986
1.082641 0.313489 0.442044 65.607783 33.733723 -1.772865
1.031123 0.389787 0.578318 66.808246 38.066628 -1.860225
0.950727 0.141845 0.218838 59.340001 28.708976 -1.583592
1.037256 0.123374 0.158672 59.794593 25.386587 -1.560088
1.092732 0.322365 0.428628 65.531222 33.457419 -1.780588
1.038507 0.401268 0.566957 66.712696 37.896980 -1.870718
0.955853 0.129840 0.183971 58.743784 27.634473 -1.568743
1.043924 0.155893 0.190596 60.563722 26.652624 -1.595119
1.098117 0.345412 0.443524 65.816744 33.990215 -1.804777
1.044322 0.429638 0.586493 67.033991 38.483282 -1.900594
0.958068 0.162243 0.200566 59.157453 28.613928 -1.602402
1.042085 0.172020 0.187860 60.487922 26.978867 -1.610969
1.092440 0.325966 0.391978 64.902159 32.854969 -1.781153
1.042267 0.412012 0.537038 66.267751 37.463028 -1.878951
0.957306 0.162446 0.166652 58.497618 27.940064 -1.599807
1.035878 0.142874 0.115378 58.954508 24.953508 -1.575951
1.085223 0.296746 0.321214 63.619161 31.192977 -1.746206
1.040230 0.407074 0.501845 65.685611 36.832135 -1.871129
0.950485 0.223616 0.231038 59.666668 30.555521 -1.666091
1.029850 0.216952 0.199275 60.505360 28.360670 -1.656708
1.084476 0.385429 0.420633 65.131719 34.408629 -1.842790
1.042123 0.456260 0.543295 66.254521 38.119806 -1.923564
0.936698 0.256043 0.265768 60.081715 32.051400 -1.701294
1.015562 0.255598 0.244327 61.083044 30.232392 -1.698961
1.072232 0.407048 0.437968 65.172959 35.218579 -1.865784
1.035370 0.466121 0.538927 66.058777 38.272080 -1.933042
0.991811 0.186574 0.157202 58.999486 27.603946 -1.623020
1.049120 0.353307 0.370273 63.775465 33.623056 -1.806677
1.025116 0.472765 0.539999 65.902099 38.528608 -1.939767
0.982518 0.208056 0.192802 59.523004 28.922374 -1.647380
1.039433 0.381122 0.410688 64.246230 34.911780 -1.837746
1.026023 0.533790 0.615220 66.904886 40.404248 -2.006789
0.924310 0.309869 0.314415 60.756833 34.057275 -1.758969
0.989291 0.316041 0.313139 61.836460 33.017102 -1.764915
1.045299 0.512376 0.565702 66.507489 39.091338 -1.981333
1.035336 0.626529 0.721469 68.305476 42.792282 -2.107963
0.934548 0.311617 0.267040 60.113423 33.039679 -1.756786
0.999700 0.355179 0.312051 61.984202 33.438776 -1.803814
1.054388 0.555193 0.572749 66.640925 39.538343 -2.024571
1.043935 0.659296 0.725563 68.379141 43.016281 -2.140943
0.943163 0.392641 0.335470 61.444058 35.343616 -1.843167
1.005405 0.386379 0.314400 62.108300 33.861315 -1.835093
1.060631 0.594459 0.583187 66.785592 40.023523 -2.064555
1.049208 0.708256 0.750194 68.632761 43.708437 -2.191760
0.946449 0.435161 0.368228 62.023658 36.434660 -1.888240
1.010202 0.411945 0.323942 62.332500 34.326760 -1.861351
1.068329 0.639674 0.611239 67.179017 40.792634 -2.111919
1.055610 0.754090 0.777315 68.933114 44.365064 -2.239666
0.949061 0.485857 0.408772 62.682584 37.714057 -1.942104
1.011364 0.433164 0.329492 62.431145 34.707976 -1.882954
1.069692 0.683415 0.644883 67.548793 41.684945 -2.158284
1.056985 0.781908 0.787820 68.998330 44.701228 -2.268254
1.012401 0.433796 0.305549 62.063014 34.291056 -1.881607
1.070273 0.678565 0.613566 67.136777 41.172419 -2.150866
1.057311 0.771607 0.747910 68.511599 44.065785 -2.254695
0.960013 0.502495 0.370577 62.250670 37.123101 -1.955517
1.017226 0.434719 0.277890 61.694656 33.753228 -1.880237
1.075580 0.683525 0.586414 66.821656 40.745856 -2.153561
1.060923 0.766085 0.708161 68.051070 43.419018 -2.245906
0.967012 0.496200 0.337796 61.851415 36.397720 -1.946528
1.026932 0.460302 0.282449 61.917047 34.047385 -1.906094
1.083635 0.712013 0.589873 66.910534 40.954339 -2.182225
1.066598 0.783892 0.698194 67.943966 43.346453 -2.262822
0.972761 0.490346 0.306898 61.458648 35.722116 -1.938136
1.033031 0.456460 0.255436 61.583637 33.437107 -1.900028
1.089411 0.725238 0.579708 66.818730 40.851553 -2.194557
1.069016 0.771208 0.654950 67.439541 42.606584 -2.246609
0.975544 0.472829 0.263046 60.808518 34.709933 -1.917056
1.034831 0.428184 0.199182 60.701001 32.012655 -1.867204
1.091385 0.701230 0.523513 66.130043 39.774907 -2.165991
1.073233 0.776706 0.632298 67.181294 42.278763 -2.250213
0.978318 0.483553 0.254917 60.727622 34.679260 -1.927069
1.038925 0.451246 0.205624 60.879301 32.415793 -1.890713
1.098371 0.732599 0.534095 66.303667 40.140450 -2.198116
1.080402 0.804865 0.638191 67.282925 42.501797 -2.278751
0.981360 0.508815 0.262246 60.898553 35.098448 -1.952845
1.040490 0.433205 0.164321 60.227759 31.396160 -1.869323
1.101246 0.712926 0.486967 65.738451 39.220839 -2.174617
1.086070 0.809189 0.616318 67.060545 42.160419 -2.281247
0.982855 0.490744 0.220091 60.253681 34.127787 -1.931355
1.043481 0.422443 0.130203 59.709672 30.577292 -1.855778
1.108880 0.730325 0.480546 65.721597 39.198618 -2.191415
1.093572 0.830050 0.612865 67.063324 42.189181 -2.301741
0.987538 0.487647 0.193778 59.909143 33.570484 -1.926091
1.051232 0.438810 0.126132 59.783099 30.650782 -1.871742
1.117162 0.728743 0.451488 65.440060 38.645889 -2.187429
1.100771 0.841391 0.598003 66.937635 41.986674 -2.311806
0.995585 0.504156 0.188333 59.961426 33.591318 -1.942082
1.062356 0.468151 0.134927 60.125479 31.098372 -1.901691
1.127292 0.745267 0.441802 65.416542 38.537725 -2.203082
1.107551 0.849644 0.579485 66.767578 41.715443 -2.318493
0.999018 0.496276 0.158307 59.535436 32.922921 -1.931746
1.065240 0.458111 0.104167 59.668679 30.362811 -1.889143
1.129510 0.737713 0.410434 65.031563 37.972905 -2.192962
1.110145 0.848157 0.552171 66.452240 41.296274 -2.314753
0.346188 0.641670 -0.047936 47.176079 41.270637 -2.060625
0.998601 0.490063 0.132393 59.112391 32.402257 -1.923417
1.062473 0.446369 0.074058 59.124289 29.690984 -1.874961
1.131966 0.767882 0.422217 65.176298 38.426335 -2.223997
1.113021 0.863741 0.544961 66.363963 41.295712 -2.329685
0.349863 0.659654 -0.053027 47.275701 41.314083 -2.078122
0.998132 0.496123 0.118575 58.894393 32.268867 -1.928317
1.058954 0.436308 0.043719 58.558461 29.046300 -1.862437
1.128979 0.751105 0.380617 64.597590 37.691091 -2.203849
1.113836 0.866715 0.524510 66.106162 41.033427 -2.330960
0.355374 0.670788 -0.063900 47.266491 41.176932 -2.088313
1.060851 0.494471 0.085602 59.342371 30.704101 -1.923854
1.130887 0.776975 0.384559 64.640941 37.996728 -2.229953
1.115983 0.875601 0.510143 65.932643 40.888768 -2.338627
1.057076 0.532277 0.110314 59.710597 31.761680 -1.963576
1.126752 0.795239 0.385131 64.568635 38.250548 -2.248208
1.117319 0.907007 0.520699 66.024758 41.284549 -2.370795
1.050468 0.548319 0.117613 59.737989 32.221920 -1.980175
1.124308 0.832729 0.408247 64.790804 38.984322 -2.287481
1.120172 0.957301 0.553633 66.373660 42.096351 -2.423630
1.050258 0.601533 0.161970 60.444536 33.691701 -2.036868
1.123637 0.900831 0.464798 65.408042 40.402097 -2.360018
1.119972 0.998638 0.578940 66.597122 42.746205 -2.466914
1.054663 0.645314 0.187708 60.906025 34.608514 -2.082616
1.126393 0.925757 0.470280 65.471174 40.659567 -2.385307
1.125192 1.016633 0.576630 66.595639 42.788707 -2.484649
1.065009 0.715659 0.233185 61.709604 36.015613 -2.156458
1.136785 0.986965 0.503731 65.909189 41.482610 -2.449050
1.137682 1.082407 0.617227 67.086747 43.621559 -2.553529
1.073161 0.763374 0.259015 62.170687 36.828187 -2.206129
1.143074 0.970869 0.462418 65.506616 40.735028 -2.429591
1.149076 1.103299 0.610359 67.094540 43.548497 -2.573766
-0.426376 0.800619 -0.587226 29.835154 45.629949 -2.175718
1.076755 0.780565 0.254658 62.154908 36.906667 -2.222896
1.149536 0.978339 0.445958 65.371342 40.504332 -2.435668
1.159822 1.136633 0.615986 67.211251 43.720355 -2.607434
-0.586601 0.918432 -0.576200 29.535226 48.700336 -2.294284
-0.487691 0.855262 -0.585964 29.808920 46.864852 -2.230372
-0.420837 0.802972 -0.610236 29.597411 45.239646 -2.176156
-0.485822 0.929645 -0.542690 31.469103 47.894058 -2.308069
1.081113 0.771217 0.226651 61.833500 36.338556 -2.211263
1.159568 0.993577 0.438082 65.373571 40.408843 -2.450188
1.165146 1.124329 0.576233 66.842228 43.092435 -2.591884
-0.541043 0.887541 -0.612591 29.169880 47.418558 -2.260426
-0.467108 0.815094 -0.638679 28.715076 45.561473 -2.185961
-0.408531 0.760329 -0.658318 28.389028 44.034551 -2.129673
-0.464804 0.872534 -0.599375 30.159332 46.483221 -2.246444
-0.402550 0.808162 -0.624318 29.710580 44.822764 -2.180138
-0.482006 0.935935 -0.551163 31.479795 47.767282 -2.313633
1.092822 0.775825 0.207124 61.723971 35.948513 -2.214226
1.176300 1.024137 0.439681 65.547251 40.484263 -2.480751
1.176331 1.143141 0.565217 66.806202 42.962276 -2.609706
-0.499841 0.854349 -0.646140 28.743442 46.180955 -2.224516
-0.418188 0.780332 -0.675875 28.293021 44.075674 -2.148174
-0.403629 0.790744 -0.665433 28.813354 44.107486 -2.159389
-0.450745 0.878365 -0.616352 30.178622 46.098095 -2.250833
-0.392237 0.799426 -0.641799 29.459423 44.360045 -2.169974
1.105918 0.764814 0.172196 61.422172 35.132473 -2.200351
1.190047 1.022564 0.406773 65.317602 39.882274 -2.476447
1.185775 1.150284 0.540504 66.617695 42.606096 -2.614771
-0.546780 0.942261 -0.620055 29.752701 47.724467 -2.314352
-0.491419 0.902468 -0.634284 29.717769 46.554641 -2.273436
-0.475320 0.904216 -0.626821 30.060804 46.454717 -2.275770
-0.469508 0.911069 -0.612828 30.432204 46.613926 -2.283745
1.115220 0.748737 0.135039 61.032661 34.262829 -2.181249
1.201764 1.026170 0.384635 65.185622 39.487305 -2.478196
1.193866 1.158054 0.522574 66.490644 42.353088 -2.621023
-0.642393 1.120492 -0.547915 31.822988 50.756129 -2.498073
-0.615823 1.107478 -0.545599 32.016952 50.406128 -2.485254
1.125600 0.760442 0.123053 61.010963 34.088543 -2.191909
1.208387 1.011123 0.346799 64.827182 38.783344 -2.460069
1.199989 1.156279 0.495794 66.258225 41.946855 -2.617035
-0.757305 1.186402 -0.573415 30.922711 52.078388 -2.561830
-0.720526 1.160114 -0.575605 31.010191 51.516764 -2.535395
0.395785 0.849120 -0.172211 47.415744 40.717371 -2.257038
0.410896 0.859838 -0.157479 47.885030 40.819561 -2.268912
0.426672 0.865478 -0.146762 48.273454 40.810283 -2.275393
0.447795 0.849888 -0.151018 48.401912 40.326130 -2.259473
0.465369 0.843962 -0.148628 48.633285 40.068769 -2.253737
0.473677 0.874369 -0.118566 49.324834 40.659831 -2.286508
0.478393 0.911538 -0.083795 50.047452 41.403487 -2.326412
0.477435 0.978385 -0.026282 51.103936 42.731573 -2.397778
1.060256 0.784745 0.137788 60.338825 35.492184 -2.217445
1.139118 0.762147 0.097923 60.847827 33.554041 -2.191514
1.221952 1.013436 0.319091 64.650790 38.279609 -2.460067
1.213622 1.195895 0.502926 66.421617 42.166887 -2.657084
-0.697979 1.104226 -0.633139 29.832104 50.302075 -2.474916
-0.754278 1.227525 -0.576623 31.399200 52.153495 -2.602544
-0.701854 1.183140 -0.587041 31.355136 51.248165 -2.557370
-0.793818 1.329965 -0.513938 32.858020 53.656070 -2.709866
-0.116006 0.805552 -0.545524 34.769882 41.970460 -2.183601
0.256603 0.798582 -0.328756 42.956137 39.897494 -2.193970
0.274908 0.809785 -0.315567 43.487761 39.945805 -2.206195
0.292728 0.818514 -0.303321 43.973991 39.962785 -2.215877
0.298515 0.861892 -0.268456 44.875101 40.785808 -2.261975
0.309504 0.883937 -0.248062 45.461124 41.122014 -2.285610
0.319246 0.912180 -0.221858 46.139626 41.600314 -2.315904
0.335765 0.922059 -0.208641 46.595717 41.649464 -2.326815
0.357878 0.914113 -0.208696 46.828299 41.292959 -2.318857
0.378147 0.907882 -0.207615 47.064866 40.988812 -2.312706
0.404985 0.874199 -0.224611 46.968014 40.094768 -2.277695
0.427945 0.857135 -0.229358 47.095158 39.560405 -2.260262
0.457680 0.815844 -0.250593 46.925537 38.444314 -2.217314
0.477195 0.818689 -0.242423 47.322078 38.325453 -2.220794
0.496094 0.826667 -0.231983 47.772854 38.301163 -2.229577
0.509601 0.858481 -0.205772 48.507513 38.814605 -2.263425
0.534700 0.845597 -0.210526 48.699551 38.281075 -2.250154
0.557398 0.836520 -0.212983 48.915436 37.846489 -2.240871
0.566061 0.875020 -0.181248 49.676597 38.572908 -2.281844
0.573876 0.900456 -0.155048 50.262405 39.083406 -2.309343
0.568908 0.967893 -0.095633 51.297169 40.571911 -2.381460
0.570962 0.983967 -0.072169 51.695450 40.995426 -2.399412
0.558332 1.055039 -0.007740 52.634180 42.559192 -2.475577
0.562408 1.008538 -0.026215 52.278138 41.907440 -2.427704
0.555009 1.032382 0.007453 52.703734 42.621060 -2.454255
1.086070 0.818083 0.141528 60.749383 35.582654 -2.250938
1.164762 0.775958 0.081309 60.970816 33.133717 -2.203868
1.246835 1.023653 0.293773 64.631019 37.743900 -2.468122
1.225186 1.177478 0.452563 66.015591 41.296728 -2.634557
-0.771299 1.033796 -0.766421 26.158352 49.179980 -2.393842
-0.773122 1.070687 -0.746494 26.942900 49.642275 -2.432254
-0.810241 1.129385 -0.711858 27.771346 50.799020 -2.493666
-0.808697 1.133287 -0.697721 28.029361 50.971434 -2.498719
-0.818263 1.156089 -0.683549 28.403927 51.353738 -2.522627
-0.724087 1.063648 -0.716808 27.849776 49.376433 -2.427613
-0.608843 0.953467 -0.751804 27.234848 46.831067 -2.314745
-0.642189 1.031733 -0.708743 28.531986 48.288076 -2.396347
-0.698248 1.133678 -0.661036 29.834254 50.092244 -2.501967
-0.605816 1.031684 -0.695544 29.165037 48.000601 -2.397332
-0.637642 1.113509 -0.657016 30.358256 49.312865 -2.482105
-0.639605 1.163660 -0.633817 31.251056 49.859687 -2.534002
-0.616497 1.160473 -0.628218 31.557568 49.637859 -2.531253
-0.739821 1.355578 -0.536804 33.441602 52.876918 -2.733423
-0.766487 1.389203 -0.505791 33.859688 53.615031 -2.769533
-0.792645 1.405313 -0.478600 34.057046 54.242016 -2.787871
-0.178437 0.667370 -0.726769 29.139479 38.759417 -2.031031
-0.288596 0.876382 -0.618154 32.273564 43.881901 -2.248460
-0.490389 1.223837 -0.442329 36.056081 50.668641 -2.609545
-0.278605 1.071854 -0.456371 36.868896 47.222918 -2.456598
-0.184309 0.972278 -0.504729 36.358655 44.771973 -2.353228
-0.122205 0.908726 -0.531418 36.093021 43.123952 -2.287596
-0.152401 1.000146 -0.476094 37.439931 44.938825 -2.383315
-0.220593 1.142912 -0.391942 39.063631 47.721873 -2.532641
-0.245058 1.188326 -0.354191 39.645234 48.704052 -2.581052
-0.283288 1.263471 -0.298879 40.500298 50.142177 -2.660563
0.117241 0.783388 -0.456972 39.029410 39.811804 -2.168462
0.134537 0.804616 -0.440586 39.722486 40.019976 -2.190943
0.158065 0.801434 -0.437561 40.055772 39.707913 -2.187985
0.159296 0.849910 -0.402489 41.037784 40.658360 -2.239188
0.160509 0.885517 -0.374616 41.764598 41.354480 -2.276971
0.167472 0.904624 -0.355340 42.286583 41.694975 -2.297593
0.176172 0.920574 -0.337009 42.783185 41.967430 -2.314987
0.192829 0.915037 -0.332906 43.009903 41.759063 -2.309782
0.222396 0.882313 -0.347032 42.934238 40.888074 -2.275959
0.255588 0.840960 -0.367364 42.744292 39.770835 -2.233019
0.284594 0.820406 -0.375121 42.849555 39.062317 -2.211851
0.326323 0.772229 -0.401101 42.627454 37.598987 -2.161631
0.349171 0.786729 -0.388210 43.254442 37.629488 -2.177110
0.371698 0.808886 -0.372656 43.967924 37.785209 -2.200441
0.391456 0.828906 -0.357881 44.601982 37.941560 -2.221581
0.403226 0.884492 -0.320356 45.688869 38.882474 -2.280056
0.423377 0.896386 -0.310242 46.172278 38.874170 -2.292713
0.436633 0.930117 -0.283896 46.920907 39.388588 -2.328482
0.448010 0.959973 -0.258653 47.585713 39.861325 -2.360302
0.468903 0.971683 -0.246988 48.071455 39.857707 -2.372902
0.483555 0.996245 -0.227115 48.651104 40.156764 -2.398998
0.510410 0.976565 -0.235975 48.764774 39.521774 -2.378613
0.527329 0.994164 -0.217676 49.307843 39.711685 -2.397636
0.554970 0.968569 -0.230164 49.359113 38.958127 -2.371055
0.583849 0.942565 -0.242782 49.423453 38.165709 -2.344055
0.622205 0.882179 -0.279736 49.098441 36.525990 -2.280767
0.636529 0.922516 -0.248613 49.916958 37.200295 -2.323513
0.666981 0.905500 -0.259412 50.079080 36.473018 -2.305617
0.687653 0.921839 -0.245919 50.606241 36.565435 -2.322982
0.688251 1.014292 -0.176467 51.924443 38.424579 -2.420849
0.695783 1.044820 -0.147765 52.498752 38.990374 -2.453629
0.692644 1.106363 -0.094723 53.334959 40.245245 -2.519344
0.698397 1.095350 -0.089176 53.435870 40.153167 -2.508817
0.682965 1.128851 -0.047476 53.868264 41.135467 -2.545668
0.670011 1.115250 -0.033743 53.842162 41.352514 -2.533266
0.654275 1.086305 -0.029692 53.615981 41.361564 -2.504778
0.648990 1.017531 -0.056417 52.988283 40.513476 -2.434042
0.635676 0.973694 -0.067836 52.517509 40.146983 -2.389433
0.614320 1.002386 -0.024713 52.913406 41.229997 -2.421617
1.060888 0.910930 0.201826 61.239788 37.750952 -2.348482
1.125184 0.808972 0.097111 60.665619 34.312771 -2.238134
1.207134 0.811431 0.076016 61.473105 32.933135 -2.238718
1.283927 1.092888 0.319213 65.284041 38.267384 -2.539163
1.243896 1.211655 0.451889 66.160317 41.334622 -2.668533
-0.650174 0.879115 -0.861648 23.914365 45.370086 -2.231647
-0.659066 0.964869 -0.836431 25.549855 46.419729 -2.319202
-0.532769 0.874522 -0.865134 25.355401 43.695710 -2.226602
-0.561583 0.955827 -0.834373 26.696100 45.114588 -2.310212
-0.569349 0.985721 -0.814219 27.325994 45.692384 -2.341679
-0.559784 0.982285 -0.804019 27.542047 45.682073 -2.339081
-0.571031 1.010816 -0.787479 28.039722 46.233324 -2.368897
-0.467778 0.914156 -0.824015 27.441069 43.709688 -2.269394
-0.333621 0.786829 -0.870930 26.560415 40.071118 -2.138426
-0.392321 0.911812 -0.816714 28.503888 42.787561 -2.267545
-0.427337 0.994772 -0.779589 29.742034 44.390564 -2.353339
-0.395805 0.978962 -0.779819 29.926351 43.864894 -2.337516
-0.466989 1.112266 -0.721082 31.546831 46.424121 -2.475320
-0.438475 1.111445 -0.715896 31.948863 46.136606 -2.474886
-0.423930 1.112004 -0.706328 32.256973 46.083310 -2.476210
-0.499894 1.240446 -0.644490 33.600955 48.457673 -2.609432
-0.479844 1.200415 -0.647057 33.367032 47.988811 -2.569296
-0.545076 1.256700 -0.602466 33.781711 49.552696 -2.629167
-0.603217 1.299103 -0.559718 34.092963 50.891715 -2.675041
-0.597704 1.246550 -0.558012 33.628534 50.636819 -2.622800
-0.585202 1.203329 -0.556678 33.323652 50.325380 -2.579817
-0.480019 1.038407 -0.614984 31.911032 47.500503 -2.410487
-0.338569 0.842695 -0.693356 30.041444 43.228457 -2.208760
-0.167417 0.625185 -0.788364 27.595303 37.121967 -1.983892
-0.086900 0.570081 -0.817257 27.376626 34.685540 -1.926469
-0.050221 0.594051 -0.811619 28.450892 34.538544 -1.950766
-0.057356 0.673861 -0.774845 30.237867 36.280418 -2.033349
-0.149883 0.866460 -0.679595 33.095612 41.064251 -2.233291
-0.272537 1.099006 -0.562549 35.825695 45.969354 -2.474888
-0.324850 1.208856 -0.505154 37.029170 47.927710 -2.589179
-0.313349 1.231607 -0.490008 37.560302 48.092519 -2.613084
-0.318139 1.284787 -0.457632 38.374428 48.789381 -2.668761
-0.291518 1.262645 -0.459965 38.452692 48.352505 -2.646462
-0.282174 1.265965 -0.446996 38.744027 48.414299 -2.650826
-0.254094 1.229600 -0.452385 38.681811 47.844827 -2.614098
-0.170725 1.122018 -0.501294 38.066796 45.647477 -2.502720
-0.085732 1.028134 -0.549062 37.567021 43.343488 -2.405085
-0.011691 0.975450 -0.576837 37.589224 41.615126 -2.350176
0.037280 0.946616 -0.588442 37.760330 40.573666 -2.320408
-0.014632 1.082170 -0.513262 39.421529 43.325362 -2.461782
-0.043794 1.139408 -0.473129 40.088010 44.585629 -2.522180
-0.056533 1.154070 -0.451980 40.328884 45.095574 -2.538557
-0.060196 1.156644 -0.433977 40.534084 45.377255 -2.542613
-0.056515 1.149435 -0.422760 40.659376 45.426144 -2.536348
-0.040193 1.121906 -0.422035 40.634158 45.063152 -2.508948
-0.005445 1.050021 -0.446296 40.125541 43.837350 -2.435254
0.020659 0.998766 -0.460853 39.797188 42.936415 -2.382933
0.066501 0.909741 -0.497967 39.031936 41.103936 -2.291079
0.091204 0.877721 -0.504573 38.945891 40.393134 -2.258585
0.122542 0.830852 -0.520542 38.658756 39.290343 -2.210511
0.133014 0.829537 -0.511540 38.917448 39.263506 -2.209927
0.160783 0.804292 -0.518726 38.930038 38.518937 -2.184133
0.191203 0.792117 -0.521466 39.180690 37.927323 -2.171727
0.232664 0.777660 -0.531092 39.461041 37.046761 -2.156462
0.274252 0.767178 -0.539235 39.809586 36.220776 -2.145280
0.274407 0.857499 -0.490009 41.390328 37.938324 -2.239354
0.307100 0.846970 -0.495114 41.659660 37.311190 -2.228390
0.318838 0.878171 -0.472831 42.402378 37.801544 -2.261305
0.335117 0.884522 -0.463957 42.794387 37.775636 -2.268342
0.341783 0.912784 -0.441385 43.423183 38.291899 -2.298359
0.352633 0.925635 -0.426685 43.865431 38.481166 -2.312363
0.367868 0.926814 -0.418515 44.182736 38.406414 -2.314189
0.388285 0.921649 -0.416836 44.430730 38.111039 -2.309148
0.418275 0.891686 -0.431042 44.401331 37.208195 -2.278070
0.443475 0.897411 -0.425218 44.853922 37.017013 -2.284217
0.479455 0.881663 -0.433127 45.101117 36.256900 -2.267815
0.499505 0.915289 -0.410806 45.906562 36.671379 -2.303138
0.552290 0.850947 -0.450260 45.605027 34.681774 -2.235679
0.571414 0.884890 -0.425764 46.434162 35.173360 -2.271498
0.587575 0.937510 -0.391853 47.441329 36.024640 -2.326712
0.605001 0.975393 -0.367475 48.209840 36.538498 -2.366451
0.629656 0.974616 -0.363860 48.564210 36.264416 -2.365937
0.639515 1.003910 -0.338478 49.176867 36.786440 -2.397210
0.668642 0.966963 -0.355553 49.125532 35.796373 -2.358936
0.694805 0.942187 -0.365876 49.190045 35.043916 -2.333353
0.702965 0.982814 -0.333777 49.925664 35.824629 -2.376477
0.708508 1.025919 -0.299062 50.647627 36.670109 -2.422291
0.735737 0.992658 -0.315150 50.626432 35.765549 -2.387774
0.753524 0.999491 -0.304972 51.011428 35.750594 -2.395396
0.785375 0.966181 -0.322938 51.028719 34.737000 -2.360669
0.805070 0.993421 -0.300496 51.686520 35.093828 -2.389638
0.838063 0.972800 -0.312708 51.856241 34.278173 -2.368029
0.862505 0.965947 -0.313720 52.123695 33.872897 -2.361078
0.875357 0.990447 -0.290431 52.683559 34.307006 -2.387397
0.888516 0.983395 -0.285949 52.880650 34.120384 -2.380718
0.887857 1.033785 -0.242876 53.599620 35.262851 -2.434491
0.891747 1.029186 -0.237775 53.697297 35.232448 -2.430323
0.883775 1.024545 -0.225974 53.734694 35.437856 -2.426684
0.865969 1.031490 -0.200456 53.862709 36.069026 -2.435738
0.842020 1.034572 -0.174928 53.902901 36.732589 -2.440952
0.827715 0.974014 -0.194524 53.275017 36.022847 -2.379005
0.792807 0.984019 -0.160611 53.313011 37.024370 -2.391828
0.749140 1.015063 -0.107267 53.561514 38.582217 -2.427234
0.713107 1.013717 -0.077037 53.499487 39.414155 -2.428442
0.700332 0.962595 -0.092118 52.970203 38.901753 -2.376269
0.722383 0.749458 -0.235705 50.362122 34.240624 -2.151979
0.755837 0.542882 -0.375861 47.427398 28.486125 -1.934493
0.776064 0.608018 -0.312833 49.174057 30.277005 -2.004576
0.781198 0.758744 -0.189681 51.883457 34.220735 -2.164940
0.789066 0.805212 -0.144653 52.823108 35.337996 -2.214953
0.792304 0.876064 -0.078852 54.024333 37.023303 -2.290987
0.798032 0.919280 -0.032225 54.852164 38.037470 -2.337894
0.807113 0.950503 0.003650 55.520443 38.711639 -2.371957
0.814464 0.949380 0.012559 55.725670 38.726831 -2.371561
0.820654 0.934615 0.012055 55.761105 38.498609 -2.356796
0.825294 0.964354 0.048205 56.356048 39.206865 -2.389409
0.834186 1.018895 0.100601 57.236792 40.272120 -2.448073
0.844795 1.034961 0.124541 57.690485 40.587638 -2.466043
0.859523 1.030619 0.131000 57.942439 40.453334 -2.462226
0.873922 1.063065 0.167037 58.602255 41.008663 -2.497513
0.890214 1.060746 0.173600 58.874574 40.875735 -2.495719
0.906454 1.031006 0.159095 58.859597 40.242680 -2.464858
0.921605 1.061602 0.193598 59.494558 40.756603 -2.498174
0.937670 1.075390 0.213541 59.938050 40.928065 -2.513535
0.950499 1.019065 0.176340 59.596355 39.820386 -2.454314
0.971246 1.073565 0.228982 60.522450 40.704075 -2.512939
0.985729 1.068660 0.232633 60.736954 40.535270 -2.508330
0.997477 1.062901 0.236297 60.919591 40.391834 -2.502875
1.008880 1.064948 0.248641 61.205283 40.427666 -2.505916
1.020456 1.049400 0.245707 61.306189 40.118899 -2.490162
1.033467 1.010021 0.223653 61.188084 39.330503 -2.449077
1.053714 0.957931 0.187429 60.974193 38.113896 -2.394145
1.081118 0.870683 0.113863 60.338603 35.851917 -2.301084
1.133471 0.841305 0.082016 60.585272 34.374096 -2.269098
1.201937 0.819641 0.046799 61.010130 32.686633 -2.244498
1.274550 0.818576 0.027407 61.714326 31.414573 -2.241726
1.328228 1.048815 0.229899 64.805825 36.175546 -2.487804
1.269103 1.184412 0.384186 65.725502 40.026193 -2.635758
-0.441864 0.723548 -0.941393 22.807359 39.918594 -2.069713
-0.447363 0.866355 -0.914714 25.626689 41.761956 -2.214242
-0.355055 0.848132 -0.927611 26.387041 40.142996 -2.194876
-0.410718 0.988997 -0.882678 28.425622 42.751755 -2.339053
-0.396110 1.009625 -0.871943 29.048577 42.871220 -2.360474
-0.409487 1.051808 -0.849861 29.753697 43.653845 -2.404355
-0.448535 1.123949 -0.817948 30.629937 45.051154 -2.478943
-0.318435 0.996059 -0.864384 29.953423 41.866080 -2.347459
-0.213604 0.910021 -0.895238 29.687877 39.288710 -2.259009
-0.284360 1.062407 -0.834333 31.647321 42.369644 -2.416008
-0.279146 1.092863 -0.816597 32.318773 42.770749 -2.447816
-0.251149 1.074653 -0.815489 32.458745 42.297342 -2.429716
-0.271812 1.130086 -0.786849 33.233452 43.337438 -2.487355
-0.206482 1.064761 -0.804357 33.040416 41.806926 -2.420708
-0.210161 1.084810 -0.785880 33.475578 42.252282 -2.442219
-0.242624 1.152595 -0.751717 34.288368 43.588319 -2.512641
-0.209915 1.097511 -0.762892 33.928128 42.643434 -2.456773
-0.329995 1.237661 -0.687971 34.972286 45.954626 -2.602810
-0.399882 1.286145 -0.643792 35.211628 47.551866 -2.654880
-0.433029 1.263241 -0.624523 34.845639 48.038690 -2.633695
-0.390346 1.147928 -0.647283 33.838173 46.631889 -2.516832
-0.290380 0.978147 -0.701365 32.357127 43.551482 -2.343015
-0.178692 0.834258 -0.757046 31.137343 40.045805 -2.194853
-0.092525 0.768376 -0.788785 30.916569 37.686467 -2.126445
-0.051737 0.796398 -0.783621 31.956243 37.499514 -2.154735
-0.007817 0.821748 -0.779821 32.956461 37.224509 -2.180245
0.001420 0.881390 -0.755747 34.187821 38.086394 -2.241656
-0.028554 0.982052 -0.707641 35.644046 40.126585 -2.345989
-0.034427 1.037011 -0.675885 36.589774 41.106116 -2.403390
-0.037125 1.080714 -0.649659 37.347004 41.840490 -2.449112
-0.042265 1.137749 -0.620708 38.206775 42.711882 -2.508349
-0.040945 1.170823 -0.598952 38.800227 43.208973 -2.543103
-0.048337 1.205834 -0.573802 39.335831 43.849278 -2.580081
-0.086999 1.296074 -0.523011 40.261572 45.475356 -2.674262
-0.068048 1.283958 -0.519719 40.416842 45.226481 -2.662430
-0.027729 1.250394 -0.529340 40.488062 44.441745 -2.628126
0.048150 1.176872 -0.565486 40.316441 42.610247 -2.551756
0.115722 1.138172 -0.586796 40.520801 41.240403 -2.511327
0.130134 1.174913 -0.563307 41.286104 41.651656 -2.549858
0.102605 1.255489 -0.515371 42.173512 43.146671 -2.634157
0.132760 1.194205 -0.533905 41.833284 42.130245 -2.571506
0.138531 1.177470 -0.530346 41.816373 41.979652 -2.555113
0.143544 1.170957 -0.520289 41.950604 41.995108 -2.549445
0.126656 1.210424 -0.487805 42.453477 42.883296 -2.591483
0.111681 1.246604 -0.456006 42.930523 43.690888 -2.630186
0.123797 1.212974 -0.459584 42.785505 43.276991 -2.596357
0.124404 1.204703 -0.448730 42.866163 43.343809 -2.589009
0.148976 1.147916 -0.464549 42.539079 42.448493 -2.531073
0.174599 1.106330 -0.474365 42.403922 41.696257 -2.488780
0.200109 1.074110 -0.480733 42.380737 41.041985 -2.456105
0.222274 1.054989 -0.480912 42.499704 40.605113 -2.437001
0.265712 1.001619 -0.501904 42.337465 39.308990 -2.382014
0.298497 0.985266 -0.505608 42.568481 38.687764 -2.365361
0.344042 0.973141 -0.513171 42.945872 37.883536 -2.352584
0.347847 1.064459 -0.464357 44.318233 39.350197 -2.447612
0.389226 1.059736 -0.469381 44.725020 38.730421 -2.442428
0.404823 1.101503 -0.442705 45.533440 39.263339 -2.486229
0.420087 1.132006 -0.422740 46.157992 39.600454 -2.518252
0.443983 1.133218 -0.416899 46.521279 39.398106 -2.519906
0.444885 1.181127 -0.381896 47.239955 40.230367 -2.570538
0.454773 1.197495 -0.364437 47.656227 40.462773 -2.588275
0.477671 1.175991 -0.368547 47.756003 39.967018 -2.566470
0.505992 1.148017 -0.378258 47.817129 39.272154 -2.537747
0.528475 1.139389 -0.375649 48.067950 38.960925 -2.529330
0.543567 1.167131 -0.354162 48.653071 39.293224 -2.558727
0.595285 1.090037 -0.395532 48.352636 37.444489 -2.478404
0.615359 1.119206 -0.372560 49.031190 37.773637 -2.509338
0.641848 1.122161 -0.366290 49.438395 37.562580 -2.512759
0.668084 1.126839 -0.358853 49.863955 37.386392 -2.517995
0.693987 1.138178 -0.346174 50.378004 37.344786 -2.530302
0.708365 1.179057 -0.317074 51.074229 37.919330 -2.573420
0.727798 1.183658 -0.307212 51.436711 37.855556 -2.578790
0.743313 1.191309 -0.294826 51.794287 37.896747 -2.587413
0.761861 1.183362 -0.289643 52.041243 37.671235 -2.579892
0.791619 1.126264 -0.317807 51.831791 36.420430 -2.520620
0.802297 1.133281 -0.303089 52.165476 36.548521 -2.528811
0.804917 1.166807 -0.271271 52.703319 37.239551 -2.564844
0.834090 1.100579 -0.305300 52.395441 35.809778 -2.495989
0.858646 1.072118 -0.316082 52.451546 35.073630 -2.466698
0.882650 1.065347 -0.315875 52.720298 34.709067 -2.459931
0.902731 1.084893 -0.298919 53.242981 34.894538 -2.480778
0.925820 1.098141 -0.285122 53.734177 34.933388 -2.495084
0.945808 1.094117 -0.282202 53.997195 34.685914 -2.491284
0.956300 1.107736 -0.263388 54.394885 34.945965 -2.506393
0.974812 1.073611 -0.274999 54.374928 34.203479 -2.471398
0.997475 1.004464 -0.313866 53.950723 32.612897 -2.399246
1.007067 1.018969 -0.296262 54.339909 32.901359 -2.415139
1.000551 1.061167 -0.260347 54.834724 33.941633 -2.460166
0.996390 1.076183 -0.237223 55.112938 34.459592 -2.477045
0.976409 1.148937 -0.171741 55.851694 36.287513 -2.554984
0.968219 1.116689 -0.178499 55.599866 35.978767 -2.522301
0.938097 1.161208 -0.126947 55.969799 37.415622 -2.570968
0.897725 1.175409 -0.088214 55.994815 38.496321 -2.588378
0.846169 1.235659 -0.011775 56.425806 40.519831 -2.654808
0.829949 1.142399 -0.052179 55.565856 39.449527 -2.558557
0.851200 0.928338 -0.191010 53.460475 35.270474 -2.333739
0.889817 0.706682 -0.341397 50.943105 29.658832 -2.100373
0.912481 0.773045 -0.278462 52.480028 31.256684 -2.171667
0.924640 0.874098 -0.192202 54.213666 33.658679 -2.279474
0.931784 0.899142 -0.159669 54.820804 34.320839 -2.307106
0.935205 0.917239 -0.133651 55.261431 34.846810 -2.327282
0.939250 0.930505 -0.109733 55.662829 35.273226 -2.342470
0.943521 0.963722 -0.070983 56.299347 36.106849 -2.378765
0.947598 0.984951 -0.042944 56.754609 36.653091 -2.402228
0.952776 0.942767 -0.062988 56.474043 35.872232 -2.358526
0.957077 0.977265 -0.023482 57.106414 36.714113 -2.396160
0.967719 0.968101 -0.019446 57.274231 36.538780 -2.387344
0.976158 0.994174 0.011897 57.821746 37.116807 -2.415901
0.988800 0.989349 0.017987 58.047966 36.990566 -2.411575
1.005683 1.016072 0.046103 58.644671 37.417179 -2.440501
1.019777 0.965191 0.014399 58.353950 36.303467 -2.387157
1.034148 0.958109 0.019011 58.583790 36.108476 -2.380457
1.048631 0.957710 0.028017 58.880265 36.041668 -2.380781
1.061497 0.922698 0.007657 58.739502 35.218801 -2.344188
1.075662 0.922062 0.015343 59.019078 35.134439 -2.344167
1.094937 0.998489 0.082504 60.179480 36.611054 -2.425845
1.109876 0.992079 0.085662 60.399773 36.400638 -2.419695
1.120760 0.980656 0.082499 60.489346 36.103450 -2.408033
1.131818 0.991498 0.101457 60.868216 36.329716 -2.420385
1.143005 0.978925 0.101500 61.003879 36.059029 -2.407842
1.155424 0.974767 0.108535 61.245810 35.952929 -2.404259
1.177272 0.937287 0.083695 61.198523 34.933835 -2.364824
1.206568 0.880157 0.036176 60.944410 33.230634 -2.303924
1.261277 0.898516 0.045969 61.779877 32.877610 -2.322945
1.323297 0.881290 0.019027 62.231335 31.472918 -2.303460
1.386466 0.934977 0.051223 63.427185 31.786864 -2.359523
1.416894 1.132072 0.229515 65.725786 35.945543 -2.570610
1.326807 1.298016 0.428101 66.656970 40.781606 -2.752510
-0.245322 0.582220 -1.011885 21.787188 34.088024 -1.922750
-0.231738 0.768349 -0.985922 25.886532 36.697727 -2.110366
-0.204855 0.865152 -0.967654 28.081877 37.677404 -2.208305
-0.294354 1.072484 -0.904480 30.699447 41.659887 -2.420279
-0.233084 1.047247 -0.913101 31.019763 40.565031 -2.394323
-0.259454 1.110456 -0.885055 31.856034 41.785764 -2.459670
-0.284401 1.163936 -0.859967 32.516065 42.817729 -2.515076
-0.158870 1.030228 -0.905104 31.842301 39.579666 -2.377908
-0.105415 0.999964 -0.911180 32.054547 38.528067 -2.347164
-0.143748 1.096267 -0.869755 33.298359 40.441004 -2.446615
-0.129919 1.100780 -0.858812 33.663762 40.450662 -2.451995
-0.121169 1.102044 -0.850566 33.893801 40.460232 -2.453921
-0.105637 1.100113 -0.842970 34.161665 40.350585 -2.452600
-0.035591 1.014936 -0.867024 33.730640 38.375631 -2.365622
-0.065217 1.068295 -0.835454 34.401505 39.668027 -2.421449
-0.067927 1.087559 -0.820442 34.781732 40.068254 -2.441890
-0.050566 1.061415 -0.820204 34.710441 39.623352 -2.415828
-0.130065 1.158792 -0.769502 35.458177 42.059717 -2.517178
-0.151377 1.143442 -0.757300 35.203005 42.352005 -2.502919
-0.197553 1.149519 -0.731506 35.051759 43.277373 -2.511174
-0.162940 1.055686 -0.749798 34.207490 41.901961 -2.416099
-0.126007 0.997788 -0.760813 33.853238 40.802028 -2.357433
-0.066942 0.950058 -0.775639 33.836020 39.399797 -2.308553
0.009312 0.897559 -0.797152 33.890255 37.562315 -2.254341
0.043519 0.923005 -0.785807 34.806765 37.533991 -2.280584
0.116005 0.879285 -0.805791 34.961649 35.802069 -2.235254
0.135971 0.917660 -0.789325 35.905209 36.200772 -2.274826
0.120694 1.001797 -0.750931 37.149272 37.814526 -2.361867
0.143780 1.017076 -0.740325 37.738894 37.815095 -2.377934
0.143490 1.047960 -0.720571 38.303534 38.382421 -2.410343
0.168964 1.029932 -0.722621 38.418811 37.859937 -2.392168
0.193434 0.991901 -0.727022 38.296117 37.105880 -2.353866
0.160112 1.054287 -0.687130 39.013856 38.675415 -2.419382
0.178756 1.035685 -0.687171 39.070806 38.264171 -2.400811
0.220593 0.983881 -0.704373 38.872363 36.981756 -2.347701
0.244205 0.979178 -0.701327 39.169183 36.669887 -2.343229
0.309910 0.920422 -0.728127 39.076097 34.787842 -2.282362
0.346956 0.922216 -0.727019 39.592758 34.334309 -2.284185
0.332380 1.001035 -0.684489 40.714602 36.000230 -2.366266
0.331949 1.019289 -0.668084 41.088045 36.420394 -2.385812
0.347895 0.993564 -0.671038 41.027223 35.903904 -2.359907
0.337254 1.028623 -0.645698 41.531923 36.749828 -2.396953
0.374471 0.962406 -0.668854 41.123807 35.248185 -2.328995
0.368299 0.987042 -0.646634 41.560057 35.903786 -2.355389
0.352659 1.022638 -0.618374 42.038437 36.858978 -2.393219
0.370714 0.985856 -0.627222 41.843630 36.124171 -2.355805
0.353502 1.011060 -0.601341 42.182399 36.957662 -2.383085
0.359859 0.993506 -0.596804 42.180434 36.756464 -2.365955
0.408546 0.906317 -0.634068 41.557009 34.642365 -2.275915
0.430780 0.900056 -0.632334 41.818495 34.297186 -2.269784
0.428750 0.952718 -0.598501 42.702002 35.405683 -2.325061
0.458040 0.940390 -0.599325 42.968170 34.873061 -2.312663
0.476628 0.958378 -0.582429 43.579115 35.069702 -2.331955
0.507715 0.961517 -0.576914 44.075065 34.778790 -2.335491
0.531601 0.981377 -0.562938 44.712186 34.887529 -2.356399
0.574819 0.942798 -0.581914 44.729730 33.619012 -2.316320
0.596543 0.950309 -0.573156 45.181858 33.547861 -2.324495
0.614253 0.971973 -0.556568 45.780821 33.804763 -2.347427
0.620343 1.005103 -0.531918 46.402227 34.444611 -2.382468
0.624247 1.037978 -0.505746 46.996936 35.110685 -2.417385
0.636138 1.034886 -0.499014 47.212960 35.017820 -2.414840
0.656799 1.004843 -0.505820 47.201594 34.331949 -2.384307
0.668297 1.006832 -0.496062 47.485747 34.340551 -2.387076
0.688126 0.987870 -0.498934 47.585144 33.831878 -2.367912
0.698890 0.998619 -0.483577 47.985663 34.027670 -2.379875
0.730378 0.951393 -0.502843 47.855264 32.798989 -2.331172
0.763393 0.905791 -0.524723 47.713086 31.481794 -2.283870
0.774677 0.922745 -0.506922 48.203697 31.804584 -2.302218
0.783176 0.952938 -0.482518 48.812293 32.415846 -2.334308
0.797462 0.966778 -0.466033 49.288200 32.629729 -2.349439
0.832653 0.903535 -0.497565 48.977518 30.921409 -2.283757
0.834995 0.948424 -0.460184 49.750640 31.998053 -2.331573
0.837592 0.986865 -0.429031 50.384086 32.866325 -2.372449
0.861532 0.941792 -0.448310 50.216939 31.734821 -2.325903
0.869956 0.946014 -0.436492 50.503398 31.843601 -2.331073
0.881107 0.919411 -0.442722 50.436352 31.268696 -2.304029
0.885416 0.920404 -0.431049 50.654741 31.389427 -2.305975
0.902208 0.891451 -0.440835 50.602693 30.645602 -2.276288
0.925627 0.853359 -0.459264 50.472377 29.538099 -2.236770
0.943253 0.849000 -0.455287 50.741854 29.295406 -2.232727
0.947313 0.902873 -0.412931 51.624539 30.599611 -2.289905
0.964963 0.882205 -0.418290 51.693070 30.007384 -2.268838
0.984239 0.842373 -0.436762 51.517809 28.915071 -2.227588
0.984549 0.886679 -0.397933 52.247371 30.100136 -2.274946
1.001625 0.861502 -0.407279 52.241117 29.385346 -2.249058
1.015114 0.860003 -0.401071 52.499645 29.272698 -2.248056
1.031597 0.864449 -0.393118 52.845165 29.230045 -2.253117
1.032714 0.926928 -0.345013 53.735937 30.757755 -2.319351
1.042536 0.941576 -0.328859 54.124114 31.047437 -2.335266
1.058250 0.927358 -0.335583 54.191318 30.562889 -2.320518
1.070078 0.911901 -0.341172 54.220375 30.122298 -2.304635
1.053180 1.025322 -0.254980 55.451605 32.951409 -2.424806
1.035517 1.010061 -0.251272 55.241808 33.042521 -2.409930
0.992143 1.146391 -0.133185 56.493540 36.559725 -2.555604
0.973181 1.165930 -0.100503 56.701329 37.376018 -2.577802
0.990470 1.075827 -0.152819 56.087720 35.621368 -2.483663
1.031104 0.902543 -0.271294 54.623022 31.495142 -2.301134
1.058434 0.949193 -0.223574 55.732602 32.394816 -2.351520
1.073322 1.019692 -0.161395 56.871894 33.880404 -2.426886
1.078651 1.017744 -0.150092 57.076547 33.942104 -2.425869
1.083423 1.018496 -0.137586 57.294430 34.057211 -2.427643
1.086494 1.023588 -0.119631 57.566826 34.313881 -2.434194
1.088793 1.062896 -0.077567 58.177185 35.262270 -2.476835
1.095440 0.998788 -0.112373 57.728917 34.020056 -2.410064
1.102012 0.972430 -0.118849 57.685993 33.546500 -2.383251
1.108459 1.019493 -0.070750 58.443934 34.642161 -2.434112
1.117998 0.991657 -0.080495 58.402795 34.082516 -2.405553
1.130378 0.936504 -0.115029 58.037402 32.807868 -2.347720
1.144893 0.949239 -0.098056 58.459290 33.008498 -2.361790
1.159847 0.985315 -0.063327 59.133071 33.714007 -2.400585
1.171756 0.915339 -0.109999 58.602252 32.080488 -2.326979
1.186679 0.954023 -0.071140 59.338804 32.899798 -2.368714
1.201847 0.989017 -0.036380 59.998825 33.590266 -2.406433
1.213252 0.954226 -0.056261 59.864761 32.766285 -2.370103
1.225002 0.911710 -0.080999 59.661386 31.746650 -2.325673
1.243034 0.964827 -0.029553 60.586084 32.878200 -2.382826
1.257358 0.925860 -0.055050 60.422217 31.867256 -2.341867
1.272969 0.980605 -0.003796 61.290179 33.035443 -2.400630
1.281444 0.955172 -0.017940 61.213487 32.431448 -2.374104
1.292722 0.998291 0.029641 61.953960 33.442091 -2.420984
1.304224 1.000662 0.041226 62.239672 33.480246 -2.424285
1.326631 0.981192 0.032846 62.418106 32.860174 -2.404156
1.354709 0.929861 -0.010004 62.242932 31.286492 -2.349422
1.403699 0.964450 0.018113 63.201709 31.484569 -2.386138
1.458203 0.980215 0.025645 63.962546 31.096824 -2.402387
1.512445 1.126071 0.145343 65.865862 33.702009 -2.557539
1.513700 1.281171 0.296914 67.298904 37.057830 -2.724613
1.379303 1.402809 0.471815 67.474496 41.466896 -2.860472
-0.224574 0.613390 -1.013855 22.701892 34.170242 -1.953620
-0.257230 0.871141 -0.966707 27.481525 38.469721 -2.214431
-0.276767 1.027468 -0.927759 30.015282 40.751597 -2.373469
-0.391755 1.264309 -0.853903 32.478956 44.844019 -2.615771
-0.351674 1.255949 -0.854587 32.835610 44.318407 -2.607322
-0.340702 1.261799 -0.843945 33.157623 44.357631 -2.614013
-0.318226 1.242951 -0.840938 33.248021 44.008510 -2.595443
-0.207445 1.110704 -0.881494 32.536373 41.194930 -2.460132
-0.184620 1.106972 -0.873760 32.872124 40.983178 -2.457016
-0.163403 1.102726 -0.866071 33.182679 40.785779 -2.453386
-0.123472 1.061392 -0.870330 33.134031 39.876280 -2.411781
-0.104428 1.047574 -0.867868 33.241013 39.544921 -2.398184
-0.073835 1.015854 -0.870980 33.205271 38.819539 -2.366269
-0.040965 0.975250 -0.875262 33.073271 37.939575 -2.325400
-0.053694 1.000920 -0.854449 33.510240 38.641158 -2.352719
-0.007282 0.945305 -0.866931 33.258717 37.306168 -2.296193
0.036663 0.884430 -0.880320 32.881358 35.864123 -2.234354
0.008821 0.921074 -0.857576 33.303507 36.966741 -2.272792
0.028210 0.869655 -0.866464 32.781490 36.009319 -2.220785
-0.011028 0.903937 -0.839628 33.086977 37.301143 -2.257224
0.019027 0.851631 -0.850844 32.654250 36.154745 -2.204125
0.019199 0.877927 -0.833296 33.252597 36.701757 -2.231779
0.040388 0.890927 -0.822536 33.853290 36.712973 -2.245590
0.068648 0.888568 -0.815286 34.304831 36.409900 -2.243794
0.119845 0.851687 -0.824805 34.402271 35.152931 -2.206175
0.170271 0.820251 -0.834312 34.560206 33.932214 -2.173985
0.178138 0.868002 -0.811784 35.572568 34.741474 -2.223420
0.147031 0.980404 -0.760067 37.136411 37.134238 -2.339753
0.169221 0.979861 -0.755465 37.476993 36.904937 -2.339558
0.162946 0.997668 -0.738811 37.806565 37.396021 -2.358688
0.199976 0.931406 -0.758718 37.323975 35.935901 -2.290953
0.259020 0.805975 -0.799235 36.132952 33.033624 -2.162516
0.231162 0.845924 -0.767927 36.674875 34.387670 -2.204955
0.293519 0.738887 -0.807826 35.679937 31.495597 -2.094896
0.325270 0.706603 -0.815920 35.608058 30.435106 -2.062005
0.331553 0.737200 -0.796695 36.372777 31.095019 -2.094075
0.373007 0.712627 -0.805996 36.526593 29.983825 -2.068755
0.395816 0.722427 -0.798524 37.087346 29.917225 -2.079103
0.373701 0.799849 -0.758047 38.261229 31.964621 -2.159634
0.401987 0.763745 -0.770013 38.082247 30.878993 -2.122623
0.411085 0.766844 -0.761009 38.380250 30.931659 -2.126440
0.403993 0.809319 -0.734721 39.124317 32.019279 -2.170950
0.431764 0.769425 -0.747328 38.904326 30.883733 -2.130110
0.441001 0.762714 -0.743213 39.024951 30.718858 -2.123747
0.420861 0.814304 -0.707423 39.808907 32.258299 -2.178145
0.455299 0.749097 -0.732382 39.246924 30.483108 -2.111048
0.447980 0.767229 -0.713241 39.622133 31.141858 -2.130709
0.460824 0.752702 -0.712504 39.664243 30.762190 -2.116273
0.489254 0.722924 -0.722675 39.602802 29.754742 -2.085714
0.511104 0.730455 -0.716129 40.092889 29.654911 -2.093726
0.507720 0.790807 -0.680895 41.167891 31.122103 -2.156784
0.521966 0.806671 -0.667186 41.713042 31.349564 -2.173703
0.532243 0.832443 -0.647553 42.368347 31.849440 -2.200991
0.562228 0.815034 -0.649972 42.590118 31.163081 -2.183396
0.576543 0.827937 -0.637647 43.073898 31.325679 -2.197250
0.606886 0.801412 -0.647661 43.119048 30.386033 -2.169943
0.597872 0.873854 -0.601983 44.238386 32.168259 -2.245921
0.632562 0.831799 -0.619919 44.120501 30.870873 -2.202476
0.640325 0.846842 -0.602775 44.587582 31.222903 -2.218870
0.651057 0.845271 -0.595155 44.828712 31.166796 -2.217917
0.662578 0.840236 -0.589256 45.030384 31.027261 -2.213368
0.682319 0.810724 -0.597888 44.952424 30.215370 -2.183215
0.681275 0.842907 -0.570343 45.571443 31.085903 -2.217562
0.703867 0.803207 -0.584345 45.387355 30.011002 -2.176808
0.711073 0.811928 -0.571757 45.731827 30.223881 -2.186527
0.736721 0.760333 -0.593975 45.380254 28.768268 -2.133235
0.741098 0.780604 -0.573103 45.898469 29.329752 -2.155153
0.755484 0.759609 -0.577087 45.887138 28.749859 -2.133878
0.767472 0.751459 -0.573401 46.050185 28.511000 -2.126042
0.785102 0.730055 -0.578553 46.065687 27.843551 -2.104259
0.814780 0.667904 -0.608552 45.565452 25.901032 -2.039800
0.828137 0.661502 -0.604440 45.775041 25.657374 -2.033738
0.837467 0.667020 -0.593653 46.120884 25.789695 -2.040113
0.848492 0.658126 -0.591273 46.252378 25.508445 -2.031429
0.846673 0.691728 -0.561060 46.934736 26.598823 -2.067412
0.857038 0.664577 -0.569931 46.755516 25.839642 -2.039606
0.856678 0.679114 -0.551509 47.136781 26.390910 -2.055614
0.871372 0.656909 -0.557815 47.097880 25.688559 -2.032942
0.883385 0.654865 -0.553103 47.332753 25.550224 -2.031275
0.901538 0.614772 -0.572397 47.014461 24.233675 -1.989699
0.910057 0.605073 -0.569161 47.123245 23.975778 -1.980287
0.928465 0.548634 -0.596548 46.538351 22.117505 -1.921753
0.943944 0.502599 -0.618125 46.054431 20.521880 -1.874071
0.943143 0.555122 -0.576647 47.140413 22.361805 -1.929839
0.956914 0.533948 -0.586393 47.035612 21.541420 -1.907912
0.964419 0.556044 -0.564151 47.679248 22.262058 -1.931756
0.970561 0.603244 -0.527536 48.681301 23.712430 -1.981806
0.988528 0.581003 -0.538799 48.629107 22.817553 -1.958685
1.002461 0.620009 -0.509162 49.552381 23.849569 -1.999981
1.030243 0.600544 -0.525054 49.602468 22.790961 -1.979229
1.047480 0.638332 -0.499313 50.478452 23.677114 -2.018986
1.045765 0.770769 -0.406985 52.465481 27.427223 -2.158591
1.042668 0.798020 -0.381805 52.893031 28.269797 -2.187832
1.022462 0.932123 -0.280867 54.473243 31.853430 -2.329836
1.022971 0.972430 -0.246841 55.041889 32.813099 -2.372812
1.026411 1.116541 -0.140293 56.752516 35.766049 -2.525217
1.057854 1.101000 -0.147978 57.002905 35.130449 -2.509047
1.076647 1.236395 -0.037587 58.720636 37.593399 -2.653059
1.093125 1.269346 -0.001319 59.349507 38.130596 -2.688865
1.097291 1.318124 0.046177 59.961471 39.051081 -2.741389
1.108263 1.272334 0.022609 59.790148 38.269808 -2.693794
1.114730 1.332063 0.077835 60.507176 39.338116 -2.757866
1.121795 1.360549 0.111573 60.960604 39.871413 -2.789028
1.131231 1.321489 0.095162 60.873710 39.272200 -2.748732
1.144493 1.298974 0.091539 60.973045 38.900178 -2.725975
1.154842 1.320456 0.118949 61.392097 39.279457 -2.749629
1.165456 1.344495 0.148630 61.831363 39.695397 -2.776019
1.179314 1.300129 0.122586 61.698863 38.886210 -2.729634
1.197862 1.316993 0.144456 62.140177 39.073706 -2.748217
1.216629 1.325430 0.158024 62.490183 39.092918 -2.757716
1.230712 1.307931 0.152550 62.589269 38.731600 -2.739803
1.246816 1.325830 0.176394 63.017540 38.977390 -2.759584
1.264425 1.331235 0.188656 63.338364 38.969918 -2.765955
1.280159 1.301625 0.174469 63.373125 38.388294 -2.735252
1.296990 1.342283 0.214233 63.958289 38.997889 -2.779026
1.313727 1.330083 0.214781 64.155395 38.722657 -2.766887
1.334384 1.340191 0.233219 64.567325 38.791808 -2.778451
1.352911 1.360386 0.258453 65.013607 39.041769 -2.800630
1.361425 1.293208 0.213418 64.697016 37.872585 -2.729953
1.368924 1.264590 0.201878 64.684911 37.403027 -2.700469
1.381190 1.253369 0.205665 64.876347 37.210103 -2.689580
1.404326 1.267287 0.224155 65.319652 37.294598 -2.704941
1.434848 1.295118 0.255825 65.961415 37.572660 -2.735243
1.477634 1.339872 0.296367 66.785290 37.956448 -2.783124
1.515727 1.299941 0.264090 66.924843 36.819340 -2.740608
1.554494 1.390122 0.343096 67.993161 38.078616 -2.836941
1.525213 1.384883 0.365669 67.933451 38.601630 -2.833627
1.383205 1.477317 0.520731 67.860141 42.458565 -2.938756
-0.314211 0.646991 -0.988217 22.445124 36.406457 -1.989358
-0.341963 0.797186 -0.953326 25.337432 39.071833 -2.141962
-0.367360 0.902640 -0.918176 27.212119 40.956377 -2.249995
-0.377751 0.962558 -0.896438 28.276522 41.920009 -2.311518
-0.335574 0.931065 -0.900726 28.307585 41.032523 -2.279715
-0.313710 0.912586 -0.897969 28.365200 40.612547 -2.261493
-0.293269 0.893834 -0.895049 28.403229 40.204631 -2.243014
-0.266550 0.866491 -0.897018 28.325554 39.550477 -2.215561
-0.257026 0.871238 -0.888300 28.653670 39.592331 -2.220997
-0.234158 0.856929 -0.883188 28.826248 39.211481 -2.207123
-0.243117 0.883290 -0.863222 29.385976 39.878314 -2.235056
-0.246727 0.901970 -0.847764 29.829508 40.322570 -2.254953
-0.204518 0.855457 -0.857025 29.595251 39.167850 -2.207770
-0.207644 0.869543 -0.842227 29.974190 39.562871 -2.223033
-0.210192 0.884591 -0.826854 30.377443 39.962073 -2.239302
-0.177545 0.848359 -0.832121 30.229577 39.085734 -2.202710
-0.157725 0.832341 -0.829706 30.307306 38.683593 -2.186915
-0.141104 0.818859 -0.828058 30.366954 38.335800 -2.173590
-0.134603 0.814666 -0.821346 30.497775 38.299274 -2.169955
-0.110542 0.787550 -0.826126 30.367522 37.596517 -2.142500
-0.088929 0.772942 -0.825750 30.462654 37.131908 -2.127940
-0.087957 0.804741 -0.807308 31.212096 37.748125 -2.161151
-0.061177 0.793431 -0.805282 31.455114 37.277483 -2.150005
-0.040593 0.783640 -0.799491 31.693093 36.963090 -2.140694
-0.019352 0.775480 -0.794222 31.956892 36.647740 -2.132964
0.007615 0.769317 -0.791880 32.285286 36.228226 -2.126974
0.011325 0.808424 -0.771592 33.168368 36.930425 -2.167616
0.004703 0.862000 -0.742778 34.183784 38.024411 -2.223397
-0.006419 0.899294 -0.716299 34.867431 38.931346 -2.262765
0.005470 0.882344 -0.713531 34.864555 38.641051 -2.246083
0.020160 0.855566 -0.715684 34.709463 38.135522 -2.219197
0.014775 0.858536 -0.702228 34.869626 38.432706 -2.223275
0.010855 0.868024 -0.687818 35.139722 38.788748 -2.233925
0.045923 0.819359 -0.700555 34.842646 37.614332 -2.184322
0.052373 0.835584 -0.685318 35.350831 37.922027 -2.201739
0.067893 0.844705 -0.675265 35.815087 37.951850 -2.211635
0.101283 0.824951 -0.677518 36.004728 37.247478 -2.191711
0.109970 0.844455 -0.661214 36.584777 37.577226 -2.212480
0.128595 0.833141 -0.660334 36.722035 37.211930 -2.201249
0.157461 0.800537 -0.669706 36.607108 36.307778 -2.167939
0.163182 0.819491 -0.653695 37.136911 36.680470 -2.188141
0.172184 0.836773 -0.639609 37.655173 36.955079 -2.206512
0.164305 0.878537 -0.611837 38.390616 37.909078 -2.250437
0.184515 0.856778 -0.615661 38.380397 37.350971 -2.228406
0.204014 0.834695 -0.617516 38.385699 36.816388 -2.206215
0.221299 0.816050 -0.617659 38.422394 36.366074 -2.187596
0.223039 0.833235 -0.601354 38.863283 36.773919 -2.206065
0.252281 0.797335 -0.613445 38.711831 35.780837 -2.169245
0.274184 0.789433 -0.611783 38.955436 35.405702 -2.161474
0.302520 0.774849 -0.614122 39.160953 34.795364 -2.146703
0.318823 0.780708 -0.605928 39.569609 34.761327 -2.153193
0.337137 0.776963 -0.601800 39.847031 34.519287 -2.149774
0.342593 0.802705 -0.580328 40.493658 35.078611 -2.177191
0.356767 0.805055 -0.570988 40.847213 35.048194 -2.180282
0.361572 0.831558 -0.548832 41.480478 35.620955 -2.208515
0.388958 0.800300 -0.559221 41.416002 34.717487 -2.176465
0.398087 0.814076 -0.544723 41.877603 34.972068 -2.191376
0.415835 0.801382 -0.544345 42.011797 34.577589 -2.178729
0.409780 0.853617 -0.506661 42.924096 35.829154 -2.233905
0.426476 0.839304 -0.507484 43.016903 35.425133 -2.219547
0.446168 0.821345 -0.508708 43.115274 34.925196 -2.201518
0.451285 0.838364 -0.490573 43.584552 35.321030 -2.219968
0.455092 0.858217 -0.470491 44.078271 35.788336 -2.241404
0.469566 0.845621 -0.469184 44.192113 35.466245 -2.228937
0.482934 0.842102 -0.462815 44.434562 35.335650 -2.225935
0.500574 0.819501 -0.468289 44.419631 34.746591 -2.202932
0.497055 0.861745 -0.434571 45.169045 35.777005 -2.247819
0.508187 0.856357 -0.428191 45.367788 35.656746 -2.242959
0.517338 0.857623 -0.418252 45.638363 35.690140 -2.245027
0.534944 0.839569 -0.420971 45.707025 35.203691 -2.226783
0.546754 0.846290 -0.407176 46.107065 35.321065 -2.234601
0.550969 0.879654 -0.377805 46.796703 36.063544 -2.270268
0.574101 0.839392 -0.394958 46.598304 35.045670 -2.228693
0.575354 0.877548 -0.362136 47.320923 35.936682 -2.269425
0.588113 0.869359 -0.359040 47.480891 35.717930 -2.261500
0.598914 0.861284 -0.355886 47.617583 35.526024 -2.253696
0.611800 0.850709 -0.353675 47.754423 35.262165 -2.243320
0.620138 0.866618 -0.335490 48.213832 35.592955 -2.260662
0.634465 0.857297 -0.333303 48.379075 35.325058 -2.251532
0.638659 0.883971 -0.306420 48.957141 35.952964 -2.280326
0.655633 0.845642 -0.322339 48.745999 35.061162 -2.240789
0.674069 0.802535 -0.341241 48.476319 34.014178 -2.196241
0.684816 0.803883 -0.331221 48.773004 34.030098 -2.198395
0.692803 0.829639 -0.306585 49.374009 34.594770 -2.226083
0.708996 0.808473 -0.313668 49.376120 34.012164 -2.204380
0.717074 0.833829 -0.288324 49.977087 34.579712 -2.231729
0.733789 0.820458 -0.292009 50.080469 34.136952 -2.218074
0.749043 0.824947 -0.283122 50.432986 34.113412 -2.223257
0.769051 0.833455 -0.273738 50.873631 34.081955 -2.232480
0.800433 0.786117 -0.302185 50.665787 32.635621 -2.182908
0.821708 0.798196 -0.290578 51.179204 32.671895 -2.195871
0.842320 0.787986 -0.295226 51.346073 32.183970 -2.185281
0.854941 0.779950 -0.297217 51.453018 31.871411 -2.177089
0.864392 0.792493 -0.285641 51.803704 32.081200 -2.190530
0.874985 0.808596 -0.270348 52.232915 32.374194 -2.207824
0.889720 0.867496 -0.225896 53.275209 33.564210 -2.270168
0.921208 0.805807 -0.265011 52.921518 31.782473 -2.205414
0.937915 0.894301 -0.189329 54.488655 33.768141 -2.299825
0.955724 0.865160 -0.200869 54.475545 33.012565 -2.269804
0.962813 0.895917 -0.170482 55.068655 33.724681 -2.302952
0.975494 0.870926 -0.182375 55.003035 33.084401 -2.277046
0.983461 0.948266 -0.118033 56.157852 34.790743 -2.359418
0.994585 0.946475 -0.112396 56.367955 34.704871 -2.358082
1.004775 0.945768 -0.103599 56.609871 34.686282 -2.358087
1.018317 0.929613 -0.107598 56.696080 34.272385 -2.341637
1.028068 0.957679 -0.077625 57.263525 34.875857 -2.372065
1.038335 0.985128 -0.049123 57.803321 35.431231 -2.401756
1.050974 0.977083 -0.046643 57.980002 35.217722 -2.393924
1.068500 0.978242 -0.037485 58.316851 35.132138 -2.395808
1.085068 0.990051 -0.021587 58.739429 35.265091 -2.408863
1.097690 1.025449 0.013347 59.369328 35.945685 -2.447003
1.111135 0.999698 0.002465 59.375085 35.362967 -2.420422
1.126188 0.958388 -0.021720 59.216614 34.392674 -2.377234
1.140064 0.943828 -0.024436 59.342546 34.011819 -2.362478
1.156182 0.983831 0.013599 60.060601 34.774070 -2.405459
1.169167 0.951919 -0.005708 59.956626 33.988856 -2.372043
1.187001 0.948400 -0.000491 60.245892 33.791641 -2.368939
1.204730 0.988040 0.038603 60.979087 34.545679 -2.411642
1.217685 0.989567 0.049134 61.271875 34.540868 -2.414013
1.228606 1.021062 0.082892 61.826294 35.195153 -2.448169
1.238667 0.989223 0.066588 61.750072 34.507068 -2.415078
1.254255 0.988735 0.074511 62.041991 34.412185 -2.415222
1.271021 0.967957 0.067542 62.167285 33.872723 -2.393914
1.293993 0.966500 0.074611 62.543448 33.661119 -2.393010
1.320775 0.971464 0.084536 62.999551 33.514561 -2.398735
1.343169 1.001675 0.112831 63.607443 33.958044 -2.431143
1.334297 1.067273 0.183265 64.295118 35.691223 -2.502342
1.257900 1.208993 0.344159 65.110256 39.873504 -2.656970
